# Created by Octave 4.2.2, Sun May 20 12:17:58 2018 GMT <unknown@unknown>
# name: D
# type: matrix
# rows: 1
# columns: 3
 1 3 4


